a 0.07032284422431442 0.07032284422431442
e 0.057578902917854446 0.12790174714216887
1 0.05363418617186239 0.18153593331403126
0 0.04585804741670834 0.2273939807307396
i 0.044762864960684434 0.27215684569142407
o 0.04158031280791278 0.31373715849933687
2 0.041271327162012615 0.35500848566134946
n 0.03859917352061678 0.3936076591819662
r 0.03633442317529671 0.42994208235726294
l 0.03572446262246417 0.4656665449797271
s 0.03329034236753957 0.4989568873472667
9 0.030913441676670553 0.5298703290239373
3 0.03028745964590245 0.5601577886698397
8 0.0285033536386493 0.588661142308489
t 0.027436780964653188 0.6160979232731422
4 0.027080875276227444 0.6431787985493697
5 0.026746713022142828 0.6699255115715125
m 0.025452406483205486 0.6953779180547179
6 0.024877922060087408 0.7202558401148054
7 0.024689097498703978 0.7449449376135093
c 0.020789012012675277 0.7657339496261846
d 0.01986548824881813 0.7855994378750027
y 0.01900719478798435 0.804606632662987
u 0.018467042103299622 0.8230736747662867
h 0.01838464593105958 0.8414583206973463
b 0.016941568525577717 0.858399889222924
k 0.01603177745709391 0.8744316666800179
g 0.013722395851810485 0.8881540625318284
p 0.012838925782792245 0.9009929883146206
j 0.009842909408841796 0.9108358977234624
v 0.008517704305314438 0.9193536020287768
f 0.007934064751947467 0.9272876667807243
w 0.006505864433120057 0.9337935312138443
z 0.00621290026515546 0.9400064314789998
A 0.0045706987767601594 0.94457713025576
E 0.003657474534433017 0.948234604790193
x 0.003613987665750772 0.9518485924559437
I 0.0028071918125670186 0.9546557842685107
O 0.0025806023389069004 0.9572363866074176
N 0.0025153720358835332 0.9597517586433011
S 0.002507361296915751 0.9622591199402168
L 0.0025050725143535278 0.9647641924545703
R 0.002500494949229081 0.9672646874037995
M 0.0020541823495955147 0.969318869753395
. 0.001979796916323254 0.9712986666697182
T 0.001952331525576573 0.9732509981952948
C 0.00163533514070863 0.9748863333360035
D 0.0015781155766530447 0.9764644489126565
_ 0.0015540833597496987 0.9780185322724062
B 0.001552938968468587 0.9795714712408748
q 0.0014556657095740918 0.981027136950449
Y 0.0013492373204307031 0.9823763742708796
H 0.001271418713315107 0.9836477929841948
! 0.0011752898457017236 0.9848230828298965
- 0.0011604127590472714 0.9859834955889438
K 0.0011455356723928192 0.9871290312613367
U 0.0010928936734616807 0.9882219249347983
G 0.001044829239654989 0.9892667541744533
P 0.0010310965442816484 0.990297850718735
* 9.784545453505099E-4 0.9912763052640855
J 9.143686336082542E-4 0.9921906738976938
@ 9.086466772026958E-4 0.9930993205748965
  7.827636362804079E-4 0.9938820842111769
F 6.202600743625455E-4 0.9945023442855394
V 6.053829877080933E-4 0.9951077272732475
Z 4.646228601313532E-4 0.9955723501333789
W 4.6233407756912984E-4 0.996034684210948
/ 4.142696437624381E-4 0.9964489538547104
# 4.02825730951321E-4 0.9968517795856617
$ 2.746539074668098E-4 0.9971264334931286
X 2.746539074668098E-4 0.9974010874005954
, 2.5405486440679905E-4 0.9976551422650022
\ 2.2086751725455955E-4 0.9978760097822568
= 2.1743434341122442E-4 0.998093444125668
& 2.0827921316233077E-4 0.9983017233388304
+ 1.8195821369676148E-4 0.9984836815525271
? 1.6250356191786246E-4 0.9986461851144449
Q 1.4533769270118685E-4 0.9987915228071461
) 1.361825624522932E-4 0.9989277053695984
( 1.1672791067339417E-4 0.9990444332802718
' 1.1100595426783562E-4 0.9991554392345396
; 1.1100595426783562E-4 0.9992664451888075
] 1.0299521530005368E-4 0.9993694404041076
< 8.468495480226635E-5 0.9994541253589099
[ 7.55298245533727E-5 0.9995296551834633
% 6.980786814781415E-5 0.9995994630516111
" 6.523030302336733E-5 0.9996646933546345
~ 5.378639021225025E-5 0.9997184797448467
: 5.0353216368915125E-5 0.9997688329612157
^ 4.4631259963356594E-5 0.999813464221179
` 3.6620520995574636E-5 0.9998500847421746
} 2.746539074668098E-5 0.9998775501329213
ñ 2.5176608184457563E-5 0.9999027267411058
> 2.288782562223415E-5 0.999925614566728
ๅ 8.010738967781953E-6 0.9999336253056959
{ 5.7219564055585375E-6 0.9999393472621014
ı 4.5775651244468295E-6 0.9999439248272258
£ 4.5775651244468295E-6 0.9999485023923502
ç 4.5775651244468295E-6 0.9999530799574746
ต 3.4331738433351223E-6 0.999956513131318
ุ 3.4331738433351223E-6 0.9999599463051613
| 3.4331738433351223E-6 0.9999633794790046
´ 3.4331738433351223E-6 0.9999668126528479
ä 2.2887825622234147E-6 0.9999691014354102
ö 2.2887825622234147E-6 0.9999713902179724
ถ 1.1443912811117074E-6 0.9999725346092535
น 1.1443912811117074E-6 0.9999736790005346
ě 1.1443912811117074E-6 0.9999748233918156
ภ 1.1443912811117074E-6 0.9999759677830967
أ 1.1443912811117074E-6 0.9999771121743778
ห 1.1443912811117074E-6 0.9999782565656589
ึ 1.1443912811117074E-6 0.9999794009569399
ل 1.1443912811117074E-6 0.999980545348221
๑ 1.1443912811117074E-6 0.9999816897395021
ş 1.1443912811117074E-6 0.9999828341307831
♠ 1.1443912811117074E-6 0.9999839785220642
š 1.1443912811117074E-6 0.9999851229133453
♥ 1.1443912811117074E-6 0.9999862673046264
º 1.1443912811117074E-6 0.9999874116959074
ẻ 1.1443912811117074E-6 0.9999885560871885
ς 1.1443912811117074E-6 0.9999897004784696
Ñ 1.1443912811117074E-6 0.9999908448697507
× 1.1443912811117074E-6 0.9999919892610317
à 1.1443912811117074E-6 0.9999931336523128
æ 1.1443912811117074E-6 0.9999942780435939
è 1.1443912811117074E-6 0.9999954224348749
é 1.1443912811117074E-6 0.999996566826156
í 1.1443912811117074E-6 0.9999977112174371
÷ 1.1443912811117074E-6 0.9999988556087182
ü 1.1443912811117074E-6 0.9999999999999992
a 0.07032284422431442 0.07032284422431442
e 0.057578902917854446 0.12790174714216887
1 0.05363418617186239 0.18153593331403126
0 0.04585804741670834 0.2273939807307396
i 0.044762864960684434 0.27215684569142407
o 0.04158031280791278 0.31373715849933687
2 0.041271327162012615 0.35500848566134946
n 0.03859917352061678 0.3936076591819662
r 0.03633442317529671 0.42994208235726294
l 0.03572446262246417 0.4656665449797271
s 0.03329034236753957 0.4989568873472667
9 0.030913441676670553 0.5298703290239373
3 0.03028745964590245 0.5601577886698397
8 0.0285033536386493 0.588661142308489
t 0.027436780964653188 0.6160979232731422
4 0.027080875276227444 0.6431787985493697
5 0.026746713022142828 0.6699255115715125
m 0.025452406483205486 0.6953779180547179
6 0.024877922060087408 0.7202558401148054
7 0.024689097498703978 0.7449449376135093
c 0.020789012012675277 0.7657339496261846
d 0.01986548824881813 0.7855994378750027
y 0.01900719478798435 0.804606632662987
u 0.018467042103299622 0.8230736747662867
h 0.01838464593105958 0.8414583206973463
b 0.016941568525577717 0.858399889222924
k 0.01603177745709391 0.8744316666800179
g 0.013722395851810485 0.8881540625318284
p 0.012838925782792245 0.9009929883146206
j 0.009842909408841796 0.9108358977234624
v 0.008517704305314438 0.9193536020287768
f 0.007934064751947467 0.9272876667807243
w 0.006505864433120057 0.9337935312138443
z 0.00621290026515546 0.9400064314789998
A 0.0045706987767601594 0.94457713025576
E 0.003657474534433017 0.948234604790193
x 0.003613987665750772 0.9518485924559437
I 0.0028071918125670186 0.9546557842685107
O 0.0025806023389069004 0.9572363866074176
N 0.0025153720358835332 0.9597517586433011
S 0.002507361296915751 0.9622591199402168
L 0.0025050725143535278 0.9647641924545703
R 0.002500494949229081 0.9672646874037995
M 0.0020541823495955147 0.969318869753395
. 0.001979796916323254 0.9712986666697182
T 0.001952331525576573 0.9732509981952948
C 0.00163533514070863 0.9748863333360035
D 0.0015781155766530447 0.9764644489126565
_ 0.0015540833597496987 0.9780185322724062
B 0.001552938968468587 0.9795714712408748
q 0.0014556657095740918 0.981027136950449
Y 0.0013492373204307031 0.9823763742708796
H 0.001271418713315107 0.9836477929841948
! 0.0011752898457017236 0.9848230828298965
- 0.0011604127590472714 0.9859834955889438
K 0.0011455356723928192 0.9871290312613367
U 0.0010928936734616807 0.9882219249347983
G 0.001044829239654989 0.9892667541744533
P 0.0010310965442816484 0.990297850718735
* 9.784545453505099E-4 0.9912763052640855
J 9.143686336082542E-4 0.9921906738976938
@ 9.086466772026958E-4 0.9930993205748965
  7.827636362804079E-4 0.9938820842111769
F 6.202600743625455E-4 0.9945023442855394
V 6.053829877080933E-4 0.9951077272732475
Z 4.646228601313532E-4 0.9955723501333789
W 4.6233407756912984E-4 0.996034684210948
/ 4.142696437624381E-4 0.9964489538547104
# 4.02825730951321E-4 0.9968517795856617
$ 2.746539074668098E-4 0.9971264334931286
X 2.746539074668098E-4 0.9974010874005954
, 2.5405486440679905E-4 0.9976551422650022
\ 2.2086751725455955E-4 0.9978760097822568
= 2.1743434341122442E-4 0.998093444125668
& 2.0827921316233077E-4 0.9983017233388304
+ 1.8195821369676148E-4 0.9984836815525271
? 1.6250356191786246E-4 0.9986461851144449
Q 1.4533769270118685E-4 0.9987915228071461
) 1.361825624522932E-4 0.9989277053695984
( 1.1672791067339417E-4 0.9990444332802718
' 1.1100595426783562E-4 0.9991554392345396
; 1.1100595426783562E-4 0.9992664451888075
] 1.0299521530005368E-4 0.9993694404041076
< 8.468495480226635E-5 0.9994541253589099
[ 7.55298245533727E-5 0.9995296551834633
% 6.980786814781415E-5 0.9995994630516111
" 6.523030302336733E-5 0.9996646933546345
~ 5.378639021225025E-5 0.9997184797448467
: 5.0353216368915125E-5 0.9997688329612157
^ 4.4631259963356594E-5 0.999813464221179
` 3.6620520995574636E-5 0.9998500847421746
} 2.746539074668098E-5 0.9998775501329213
ñ 2.5176608184457563E-5 0.9999027267411058
> 2.288782562223415E-5 0.999925614566728
ๅ 8.010738967781953E-6 0.9999336253056959
{ 5.7219564055585375E-6 0.9999393472621014
ı 4.5775651244468295E-6 0.9999439248272258
£ 4.5775651244468295E-6 0.9999485023923502
ç 4.5775651244468295E-6 0.9999530799574746
ต 3.4331738433351223E-6 0.999956513131318
ุ 3.4331738433351223E-6 0.9999599463051613
| 3.4331738433351223E-6 0.9999633794790046
´ 3.4331738433351223E-6 0.9999668126528479
ä 2.2887825622234147E-6 0.9999691014354102
ö 2.2887825622234147E-6 0.9999713902179724
ถ 1.1443912811117074E-6 0.9999725346092535
น 1.1443912811117074E-6 0.9999736790005346
ě 1.1443912811117074E-6 0.9999748233918156
ภ 1.1443912811117074E-6 0.9999759677830967
أ 1.1443912811117074E-6 0.9999771121743778
ห 1.1443912811117074E-6 0.9999782565656589
ึ 1.1443912811117074E-6 0.9999794009569399
ل 1.1443912811117074E-6 0.999980545348221
๑ 1.1443912811117074E-6 0.9999816897395021
ş 1.1443912811117074E-6 0.9999828341307831
♠ 1.1443912811117074E-6 0.9999839785220642
š 1.1443912811117074E-6 0.9999851229133453
♥ 1.1443912811117074E-6 0.9999862673046264
º 1.1443912811117074E-6 0.9999874116959074
ẻ 1.1443912811117074E-6 0.9999885560871885
ς 1.1443912811117074E-6 0.9999897004784696
Ñ 1.1443912811117074E-6 0.9999908448697507
× 1.1443912811117074E-6 0.9999919892610317
à 1.1443912811117074E-6 0.9999931336523128
æ 1.1443912811117074E-6 0.9999942780435939
è 1.1443912811117074E-6 0.9999954224348749
é 1.1443912811117074E-6 0.999996566826156
í 1.1443912811117074E-6 0.9999977112174371
÷ 1.1443912811117074E-6 0.9999988556087182
ü 1.1443912811117074E-6 0.9999999999999992
