a 0.0706283114522665 0.0706283114522665
e 0.05719674670355108 0.12782505815581757
1 0.053992604066049006 0.18181766222186657
0 0.046445779345111196 0.22826344156697775
i 0.04454935671378193 0.27281279828075966
2 0.041811603728831 0.31462440200959063
o 0.041380650544978595 0.3560050525545692
n 0.038543446825292496 0.3945484993798617
r 0.036700750452958085 0.43124924983281976
l 0.03510153691394082 0.46635078674676056
s 0.033122810226279 0.49947359697303956
9 0.030892598922045485 0.530366195895085
3 0.029796354616171604 0.5601625505112566
8 0.028385754539583107 0.5885483050508398
t 0.02774332565543178 0.6162916307062716
4 0.027372957401935287 0.6436645881082068
5 0.026607072433285132 0.6702716605414919
m 0.0255919890718503 0.6958636496133422
6 0.024903835711958665 0.7207674853253009
7 0.024877544138407988 0.7456450294637089
c 0.020826355587816713 0.7664713850515257
d 0.019515206245963385 0.785986591297489
y 0.018960796977612153 0.8049473882751011
h 0.018654442990152093 0.8236018312652532
u 0.018294362743697168 0.8418961940089504
b 0.016795743051308577 0.858691937060259
k 0.01594526780253885 0.8746372048627978
g 0.013635038665759798 0.8882722435285576
p 0.012853150130600535 0.9011253936591581
j 0.009938214802155908 0.9110636084613141
v 0.00839958619349455 0.9194631946548086
f 0.007680568812478209 0.9271437634672869
w 0.006496304890804236 0.9336400683580911
z 0.006051634364229743 0.9396917027223208
A 0.004702762329890662 0.9443944650522115
x 0.003816850612422197 0.9482113156646337
E 0.0036270940380999195 0.9518384097027336
I 0.0027743325655431783 0.9546127422682767
L 0.0025742879841793315 0.9571870302524561
O 0.002527420396545516 0.9597144506490016
S 0.0025251341727585003 0.9622395848217601
R 0.0025102737181429005 0.964749858539903
N 0.002503415046781854 0.9672532735866849
. 0.002064460079674899 0.9693177336663598
M 0.002053028960739822 0.9713707626270995
T 0.001936431547602037 0.9733071941747016
_ 0.0015546321751704665 0.9748618263498721
C 0.0015500597275964357 0.9764118860774685
D 0.0015409148324483741 0.9779528009099169
q 0.0014506089928612662 0.9794034099027782
B 0.0014231743074170815 0.9808265842101953
H 0.0012985751110247427 0.98212515932122
Y 0.0012917164396636966 0.9834168757608838
! 0.001169403467058373 0.9845862792279422
K 0.0011362532221466499 0.9857225324500888
G 0.0011179634318505267 0.9868404958819393
P 0.0010802407393647726 0.9879207366213041
U 0.0010665233966426803 0.9889872600179468
* 0.0010619509490686495 0.9900492109670155
- 0.0010390887111984956 0.991088299678214
J 9.339224169957876E-4 0.9920222220952097
@ 8.95056612616526E-4 0.9929172787078263
  8.19611227645018E-4 0.9937368899354714
F 6.389995484708021E-4 0.9943758894839422
V 5.738421705408634E-4 0.9949497316544831
W 5.121141282914478E-4 0.9954618457827745
/ 4.298100719588937E-4 0.9958916558547334
Z 4.28666960065386E-4 0.9963203228147988
# 3.692251416029858E-4 0.9966895479564017
X 2.9949531609901637E-4 0.9969890432725007
$ 2.7891930201587783E-4 0.9972679625745166
, 2.572001760392316E-4 0.9975251627505558
\ 2.4233972142363155E-4 0.9977675024719794
& 2.1376192408593915E-4 0.9979812643960654
+ 2.0576014083138527E-4 0.9981870245368968
= 1.8632723864175444E-4 0.9983733517755385
) 1.726098959196621E-4 0.9985459616714583
? 1.726098959196621E-4 0.998718571567378
( 1.463183223689851E-4 0.998864889889747
' 1.3374409154040043E-4 0.9989986339812874
Q 1.3374409154040043E-4 0.9991323780728278
; 1.0402318230920033E-4 0.999236401255137
" 9.373517526763107E-5 0.9993301364304047
% 8.001783254553872E-5 0.9994101542629502
] 7.887472065203103E-5 0.9994890289836023
< 7.430227307800024E-5 0.9995633312566803
~ 6.858671361046176E-5 0.9996319179702907
[ 6.172804224941558E-5 0.9996936460125402
: 5.71555946753848E-5 0.9997508016072155
^ 5.372625899486171E-5 0.9998045278662104
` 2.85777973376924E-5 0.9998331056635481
> 2.7434685444184703E-5 0.9998605403489923
ñ 2.514846165716931E-5 0.9998856888106494
{ 1.3717342722092352E-5 0.9998994061533715
} 1.143111893507696E-5 0.9999108372723066
จ 5.71555946753848E-6 0.999916552831774
ถ 5.71555946753848E-6 0.9999222683912415
ๅ 5.71555946753848E-6 0.999927983950709
´ 5.71555946753848E-6 0.9999336995101765
น 4.572447574030784E-6 0.9999382719577505
ต 3.429335680523088E-6 0.9999417012934311
İ 3.429335680523088E-6 0.9999451306291116
| 3.429335680523088E-6 0.9999485599647921
é 3.429335680523088E-6 0.9999519893004727
ü 3.429335680523088E-6 0.9999554186361532
ค 2.286223787015392E-6 0.9999577048599403
ı 2.286223787015392E-6 0.9999599910837274
ื 2.286223787015392E-6 0.9999622773075144
ç 2.286223787015392E-6 0.9999645635313015
ò 2.286223787015392E-6 0.9999668497550885
ö 2.286223787015392E-6 0.9999691359788756
ก 1.143111893507696E-6 0.9999702790907691
č 1.143111893507696E-6 0.9999714222026626
３ 1.143111893507696E-6 0.999972565314556
ท 1.143111893507696E-6 0.9999737084264495
７ 1.143111893507696E-6 0.999974851538343
８ 1.143111893507696E-6 0.9999759946502365
９ 1.143111893507696E-6 0.9999771377621299
ğ 1.143111893507696E-6 0.9999782808740234
ฟ 1.143111893507696E-6 0.9999794239859169
ส 1.143111893507696E-6 0.9999805670978104
อ 1.143111893507696E-6 0.9999817102097038
ั 1.143111893507696E-6 0.9999828533215973
ำ 1.143111893507696E-6 0.9999839964334908
ｉ 1.143111893507696E-6 0.9999851395453843
ｎ 1.143111893507696E-6 0.9999862826572777
ｗ 1.143111893507696E-6 0.9999874257691712
ｘ 1.143111893507696E-6 0.9999885688810647
š 1.143111893507696E-6 0.9999897119929582
♥ 1.143111893507696E-6 0.9999908551048516
£ 1.143111893507696E-6 0.9999919982167451
¤ 1.143111893507696E-6 0.9999931413286386
É 1.143111893507696E-6 0.9999942844405321
Ó 1.143111893507696E-6 0.9999954275524255
á 1.143111893507696E-6 0.999996570664319
ä 1.143111893507696E-6 0.9999977137762125
ì 1.143111893507696E-6 0.999998856888106
ó 1.143111893507696E-6 0.9999999999999994
